%YAML:1.0
---
calibration_time: "Wednesday 29 January 2020 04:50:24 PM IST"
nframes: 10
image_width: 1920
image_height: 1080
board_width: 9
board_height: 6
square_size: 2.7200000360608101e-02
flags: 0
camera_matrix: !!opencv-matrix
   rows: 3
   cols: 3
   dt: d
   data: [ 1.2349026941465111e+03, 0., 9.8938299036303454e+02, 0.,
       1.2336610307045985e+03, 5.1609385717020450e+02, 0., 0., 1. ]
distortion_coefficients: !!opencv-matrix
   rows: 5
   cols: 1
   dt: d
   data: [ -4.1333187263206234e-01, 1.4130359507629087e-01,
       -2.0450054264066161e-03, -2.6185960575913691e-03, 0. ]
avg_reprojection_error: 8.3566646905902553e-01
per_view_reprojection_errors: !!opencv-matrix
   rows: 10
   cols: 1
   dt: f
   data: [ 6.34673119e-01, 7.96608508e-01, 8.44197631e-01,
       7.08225727e-01, 8.86920571e-01, 8.14500213e-01, 7.48718321e-01,
       6.74045801e-01, 8.06812644e-01, 1.27115464e+00 ]
extrinsic_parameters: !!opencv-matrix
   rows: 10
   cols: 6
   dt: d
   data: [ 7.1837017647361529e-02, -4.2809137958746640e-01,
       2.2073680657187081e-02, -1.8765214328756916e-01,
       -1.4042109573791589e-02, 2.4652794865223532e-01,
       5.6233428836382500e-02, 3.3579724272919187e-03,
       5.0335320944186586e-02, -9.7403187227966079e-02,
       -5.9747488541641025e-02, 3.2435130463189016e-01,
       5.4922185953305717e-02, 2.9089378945009098e-01,
       6.6679499766147371e-02, -4.7394020289488834e-03,
       -5.4085474654034987e-02, 2.9198180434548260e-01,
       6.1126267034620610e-02, -2.2032966709932655e-01,
       3.6410080360182340e-02, -1.9560728987299925e-01,
       -5.4709947272172592e-02, 2.3200091263887707e-01,
       5.0319767120439458e-02, 2.8969773735809327e-02,
       5.5581623764305581e-02, -8.6259817964561378e-02,
       -9.8910620952834816e-02, 3.0988510994929369e-01,
       5.2358585804128922e-02, -2.9366260935464242e-02,
       4.9588852557453690e-02, -9.4151573049556292e-02,
       -9.8393535432005561e-02, 3.0199241417117156e-01,
       5.2250807919155720e-02, 2.8091490749847958e-01,
       6.6650646246137923e-02, 1.7476731780806190e-03,
       -9.6162615476175967e-02, 3.1033744855615103e-01,
       6.1195796057593607e-02, -4.4422250788860362e-01,
       1.9835963386344375e-02, -1.7658519272514983e-01,
       -9.3951829490033362e-02, 2.3320297962705178e-01,
       7.3037130409246809e-02, -5.3374105884439665e-02,
       4.6774847301629223e-02, -8.4431948111071811e-02,
       -1.7399251402406859e-02, 3.2160733716206741e-01,
       6.3265186225744077e-02, 3.4965171356170638e-01,
       6.7611919298419032e-02, 5.1336215189164029e-02,
       -1.5208949204967258e-02, 3.4311665383100381e-01 ]
image_points: !!opencv-matrix
   rows: 10
   cols: 54
   dt: "2f"
   data: [ 2.24711227e+02, 4.57593170e+02, 3.17387878e+02,
       4.58484772e+02, 4.16465240e+02, 4.59022583e+02, 5.20756531e+02,
       4.59967529e+02, 6.26507324e+02, 4.61393646e+02, 7.32176025e+02,
       4.62941223e+02, 8.36037231e+02, 4.65088623e+02, 9.34239624e+02,
       4.67332733e+02, 1.02692419e+03, 4.69438782e+02, 2.26023712e+02,
       5.67248169e+02, 3.18108856e+02, 5.68848328e+02, 4.16481445e+02,
       5.70507385e+02, 5.20145569e+02, 5.71262939e+02, 6.25296265e+02,
       5.71515381e+02, 7.30220093e+02, 5.71587463e+02, 8.33025391e+02,
       5.70752747e+02, 9.31107605e+02, 5.69755188e+02, 1.02351294e+03,
       5.68732422e+02, 2.32074188e+02, 6.74267212e+02, 3.23461121e+02,
       6.77316589e+02, 4.20169434e+02, 6.79234863e+02, 5.22511963e+02,
       6.80014282e+02, 6.26444885e+02, 6.79407471e+02, 7.29815613e+02,
       6.77253601e+02, 8.31366760e+02, 6.73833313e+02, 9.27853638e+02,
       6.70145081e+02, 1.01952942e+03, 6.65542480e+02, 2.43077011e+02,
       7.77303040e+02, 3.32635834e+02, 7.81297485e+02, 4.28400330e+02,
       7.83444031e+02, 5.28458496e+02, 7.84576660e+02, 6.30443787e+02,
       7.82918274e+02, 7.31072998e+02, 7.78680420e+02, 8.30663086e+02,
       7.73891724e+02, 9.25400391e+02, 7.67565796e+02, 1.01544452e+03,
       7.59575317e+02, 2.58383057e+02, 8.72694885e+02, 3.45671936e+02,
       8.78034973e+02, 4.38798035e+02, 8.80680115e+02, 5.36581177e+02,
       8.80925720e+02, 6.35284424e+02, 8.78615540e+02, 7.33541138e+02,
       8.73831482e+02, 8.30470886e+02, 8.66400757e+02, 9.22997864e+02,
       8.58302429e+02, 1.01109479e+03, 8.48327148e+02, 2.76349213e+02,
       9.61549072e+02, 3.61802002e+02, 9.67187256e+02, 4.52482147e+02,
       9.69812012e+02, 5.46826599e+02, 9.69683350e+02, 6.42661316e+02,
       9.67060486e+02, 7.37456055e+02, 9.61523621e+02, 8.31324341e+02,
       9.53121643e+02, 9.21156189e+02, 9.42493042e+02, 1.00684167e+03,
       9.30839539e+02, 6.36567688e+02, 3.00312561e+02, 7.29833618e+02,
       3.01131317e+02, 8.27492126e+02, 3.03002594e+02, 9.29439148e+02,
       3.06487640e+02, 1.03221277e+03, 3.11352692e+02, 1.13313940e+03,
       3.17512787e+02, 1.23289600e+03, 3.24966492e+02, 1.32698413e+03,
       3.33196411e+02, 1.41570947e+03, 3.41662140e+02, 6.30171265e+02,
       3.97481293e+02, 7.23561035e+02, 4.00000214e+02, 8.22123596e+02,
       4.03565765e+02, 9.23774170e+02, 4.07704346e+02, 1.02722180e+03,
       4.13104950e+02, 1.12940039e+03, 4.18704559e+02, 1.22902881e+03,
       4.24411652e+02, 1.32415906e+03, 4.31385620e+02, 1.41327356e+03,
       4.37481445e+02, 6.25155945e+02, 4.95831451e+02, 7.19001221e+02,
       5.00504425e+02, 8.17006958e+02, 5.05815155e+02, 9.19221741e+02,
       5.10570679e+02, 1.02178210e+03, 5.15745056e+02, 1.12369604e+03,
       5.21119690e+02, 1.22336536e+03, 5.25937134e+02, 1.31878613e+03,
       5.30564453e+02, 1.40746765e+03, 5.34899414e+02, 6.23082275e+02,
       5.93539917e+02, 7.15534302e+02, 6.00720154e+02, 8.12692017e+02,
       6.07564087e+02, 9.14449158e+02, 6.12922729e+02, 1.01671381e+03,
       6.18509644e+02, 1.11738635e+03, 6.23061462e+02, 1.21682751e+03,
       6.26510620e+02, 1.31102844e+03, 6.29237122e+02, 1.39972461e+03,
       6.31491943e+02, 6.22586060e+02, 6.88638245e+02, 7.14451538e+02,
       6.97629150e+02, 8.10447021e+02, 7.05187683e+02, 9.10186768e+02,
       7.11611206e+02, 1.01082300e+03, 7.17143066e+02, 1.11065698e+03,
       7.20882935e+02, 1.20835889e+03, 7.23007568e+02, 1.30188159e+03,
       7.24673401e+02, 1.38946875e+03, 7.24749390e+02, 6.24531250e+02,
       7.79662842e+02, 7.14511902e+02, 7.89732361e+02, 8.08781250e+02,
       7.98357300e+02, 9.06707275e+02, 8.05945557e+02, 1.00535779e+03,
       8.11339783e+02, 1.10326929e+03, 8.14886780e+02, 1.19914893e+03,
       8.15778198e+02, 1.29097620e+03, 8.15718994e+02, 1.37756360e+03,
       8.13852966e+02, 9.69493835e+02, 2.90534088e+02, 1.08033423e+03,
       2.93478638e+02, 1.19493262e+03, 2.97766602e+02, 1.31222852e+03,
       3.04347382e+02, 1.42547351e+03, 3.13405731e+02, 1.53379443e+03,
       3.23549164e+02, 1.63553088e+03, 3.35207642e+02, 1.72773181e+03,
       3.47422638e+02, 1.80979773e+03, 3.60117798e+02, 9.63142273e+02,
       4.02536102e+02, 1.07445227e+03, 4.08431519e+02, 1.18972827e+03,
       4.15611328e+02, 1.30728516e+03, 4.23185181e+02, 1.42170398e+03,
       4.31363678e+02, 1.53057764e+03, 4.40820343e+02, 1.63331848e+03,
       4.50602753e+02, 1.72552393e+03, 4.60273590e+02, 1.80818750e+03,
       4.69587097e+02, 9.56123108e+02, 5.16498657e+02, 1.06709607e+03,
       5.25626831e+02, 1.18262561e+03, 5.34106140e+02, 1.29954419e+03,
       5.42447266e+02, 1.41348718e+03, 5.51319824e+02, 1.52262024e+03,
       5.59662292e+02, 1.62449670e+03, 5.66811584e+02, 1.71735291e+03,
       5.73312073e+02, 1.79957056e+03, 5.79329651e+02, 9.49875427e+02,
       6.29514404e+02, 1.05940845e+03, 6.40548340e+02, 1.17344495e+03,
       6.51451172e+02, 1.28865332e+03, 6.61480286e+02, 1.40207202e+03,
       6.69711975e+02, 1.50952734e+03, 6.76724915e+02, 1.61122290e+03,
       6.81413513e+02, 1.70290149e+03, 6.85750488e+02, 1.78538428e+03,
       6.88352173e+02, 9.43927734e+02, 7.37412964e+02, 1.05145264e+03,
       7.51362183e+02, 1.16254187e+03, 7.63438171e+02, 1.27627051e+03,
