%YAML:1.0
---
calibration_time: "Wednesday 29 January 2020 05:00:45 PM IST"
nframes: 8
image_width: 1920
image_height: 1080
board_width: 9
board_height: 6
square_size: 2.7200000360608101e-02
flags: 0
camera_matrix: !!opencv-matrix
   rows: 3
   cols: 3
   dt: d
   data: [ 1.2049201161044675e+03, 0., 9.5953599054014569e+02, 0.,
       1.2027718810999313e+03, 5.0143752370603460e+02, 0., 0., 1. ]
distortion_coefficients: !!opencv-matrix
   rows: 5
   cols: 1
   dt: d
   data: [ -4.0903596439821710e-01, 1.4802991464029597e-01,
       -9.2054671334429472e-04, 1.0274968428888140e-03, 0. ]
avg_reprojection_error: 7.4228153007855258e-01
per_view_reprojection_errors: !!opencv-matrix
   rows: 8
   cols: 1
   dt: f
   data: [ 6.14895761e-01, 6.78750992e-01, 1.02059591e+00,
       6.86412275e-01, 5.99448621e-01, 6.57206655e-01, 7.71827996e-01,
       8.18107426e-01 ]
extrinsic_parameters: !!opencv-matrix
   rows: 8
   cols: 6
   dt: d
   data: [ 2.0599915925197481e-02, -2.6469537846345682e-02,
       2.4008286182768346e-02, -1.1393734201782024e-01,
       -4.8699494045011248e-02, 2.2476856996467759e-01,
       1.7124188075394748e-02, 7.2788918599103775e-02,
       2.5500516640379334e-02, -4.6910660036443549e-02,
       -4.9253493280204522e-02, 2.3604387898227017e-01,
       2.6909491355979115e-02, -3.6332279796116390e-01,
       5.7603201425169316e-03, -1.4992467577385651e-01,
       -4.5677398100773071e-02, 1.7983872849089441e-01,
       2.1171311618764121e-02, 3.3571910870471211e-01,
       3.6509810311428838e-02, -5.0764514801601282e-02,
       -5.1396385809108457e-02, 2.7933664042166889e-01,
       -3.8082188304115488e-01, -3.0295408100420591e-02,
       -6.7780086600120071e-03, -1.1378206034293650e-01,
       -6.6315210646027911e-02, 2.6065623782002706e-01,
       1.1912849403090262e-01, -6.2829369641348040e-02,
       1.8040864577508482e-02, -1.3815976280914199e-01,
       -4.4383834862235648e-02, 2.6864000679465500e-01,
       -5.4885187732884300e-01, -3.5757755543239078e-01,
       -1.3445076290757688e-01, -1.3431727895217185e-01,
       -6.3390119396065384e-02, 2.1264937573470924e-01,
       -5.6312797376898127e-01, 2.4918657097913222e-01,
       7.6214040416663395e-02, -1.1688518948422605e-01,
       -6.6667089559829487e-02, 2.8654926181100882e-01 ]
image_points: !!opencv-matrix
   rows: 8
   cols: 54
   dt: "2f"
   data: [ 4.18138885e+02, 2.69538666e+02, 5.31284119e+02,
       2.63766907e+02, 6.56310303e+02, 2.60492371e+02, 7.92263550e+02,
       2.59499451e+02, 9.32496216e+02, 2.61650360e+02, 1.07312939e+03,
       2.66537537e+02, 1.21036438e+03, 2.73630859e+02, 1.33751733e+03,
       2.83608276e+02, 1.45339844e+03, 2.93773224e+02, 4.08823242e+02,
       3.97286560e+02, 5.22774963e+02, 3.96956421e+02, 6.48983398e+02,
       3.97473785e+02, 7.85994080e+02, 3.98711609e+02, 9.28644592e+02,
       4.01646454e+02, 1.07079810e+03, 4.05630768e+02, 1.20972559e+03,
       4.10622833e+02, 1.33808130e+03, 4.16296539e+02, 1.45521863e+03,
       4.22470795e+02, 4.05222595e+02, 5.27779114e+02, 5.19389832e+02,
       5.32457825e+02, 6.45525391e+02, 5.36758179e+02, 7.82915771e+02,
       5.41440369e+02, 9.24970886e+02, 5.45178589e+02, 1.06744434e+03,
       5.48255127e+02, 1.20579980e+03, 5.50274536e+02, 1.33514624e+03,
       5.51617249e+02, 1.45175830e+03, 5.52737854e+02, 4.08076050e+02,
       6.57426086e+02, 5.21220032e+02, 6.66693848e+02, 6.46124084e+02,
       6.75539368e+02, 7.81461182e+02, 6.82189453e+02, 9.22113342e+02,
       6.86718994e+02, 1.06261804e+03, 6.88562561e+02, 1.19973853e+03,
       6.88514648e+02, 1.32677881e+03, 6.85676575e+02, 1.44345679e+03,
       6.82046997e+02, 4.16018433e+02, 7.80501099e+02, 5.28183167e+02,
       7.93762024e+02, 6.50375488e+02, 8.05695679e+02, 7.82925415e+02,
       8.14546082e+02, 9.19585449e+02, 8.19877136e+02, 1.05714563e+03,
       8.21017883e+02, 1.19135754e+03, 8.18345642e+02, 1.31633032e+03,
       8.12623413e+02, 1.43051526e+03, 8.04529053e+02, 4.29138672e+02,
       8.95295288e+02, 5.37649414e+02, 9.11949707e+02, 6.57221863e+02,
       9.25965027e+02, 7.85518799e+02, 9.36192444e+02, 9.17971375e+02,
       9.41891541e+02, 1.05074280e+03, 9.42399536e+02, 1.18057983e+03,
       9.38614075e+02, 1.30240271e+03, 9.29955505e+02, 1.41471704e+03,
       9.18561707e+02, 7.28943970e+02, 2.58704254e+02, 8.60099182e+02,
       2.56965942e+02, 9.97100342e+02, 2.57704681e+02, 1.13601782e+03,
       2.61503357e+02, 1.27090503e+03, 2.67776581e+02, 1.39709802e+03,
       2.76523560e+02, 1.51321387e+03, 2.86575714e+02, 1.61695813e+03,
       2.98459473e+02, 1.70671997e+03, 3.10186218e+02, 7.22329712e+02,
       3.90773834e+02, 8.54776855e+02, 3.92362976e+02, 9.93898438e+02,
       3.94902008e+02, 1.13504187e+03, 3.98470642e+02, 1.27128760e+03,
       4.03512207e+02, 1.39879004e+03, 4.08798889e+02, 1.51643909e+03,
       4.15444366e+02, 1.61968689e+03, 4.21753876e+02, 1.71037866e+03,
       4.28600800e+02, 7.17977661e+02, 5.26576172e+02, 8.51167053e+02,
       5.31275574e+02, 9.89829102e+02, 5.35177612e+02, 1.13158801e+03,
       5.39008850e+02, 1.26771460e+03, 5.41663940e+02, 1.39601245e+03,
       5.44511963e+02, 1.51299084e+03, 5.45723022e+02, 1.61741357e+03,
       5.47400818e+02, 1.70783276e+03, 5.47942688e+02, 7.17148560e+02,
       6.61601257e+02, 8.48624390e+02, 6.68866516e+02, 9.86457214e+02,
       6.74491089e+02, 1.12568738e+03, 6.78339233e+02, 1.26150098e+03,
       6.79546631e+02, 1.38791699e+03, 6.78722290e+02, 1.50475549e+03,
       6.76001160e+02, 1.60780212e+03, 6.71811523e+02, 1.69887622e+03,
       6.67393494e+02, 7.18607849e+02, 7.88979858e+02, 8.48224365e+02,
       7.99098877e+02, 9.81952393e+02, 8.05862061e+02, 1.11888147e+03,
       8.09649353e+02, 1.25132068e+03, 8.09689453e+02, 1.37612512e+03,
       8.05964111e+02, 1.49148743e+03, 7.99625916e+02, 1.59357788e+03,
       7.91386597e+02, 1.68371143e+03, 7.81517822e+02, 7.23421814e+02,
       9.07596130e+02, 8.47827393e+02, 9.19559082e+02, 9.78529663e+02,
       9.27753113e+02, 1.11069434e+03, 9.31061035e+02, 1.23901025e+03,
       9.29991394e+02, 1.36063696e+03, 9.23976440e+02, 1.47388635e+03,
       9.14843994e+02, 1.57472693e+03, 9.03079834e+02, 1.66425977e+03,
       8.89306946e+02, 1.84244156e+02, 2.64468201e+02, 2.99478455e+02,
       2.58922729e+02, 4.27109406e+02, 2.56664795e+02, 5.63795654e+02,
       2.56527618e+02, 7.03354187e+02, 2.60052307e+02, 8.40842590e+02,
       2.66174103e+02, 9.72722839e+02, 2.74388000e+02, 1.09364197e+03,
       2.83899597e+02, 1.20297107e+03, 2.94023743e+02, 1.73525452e+02,
       4.03501312e+02, 2.89808167e+02, 4.01483185e+02, 4.18987427e+02,
       4.00473083e+02, 5.57392456e+02, 4.00963104e+02, 6.98826721e+02,
       4.02417053e+02, 8.37774841e+02, 4.05284180e+02, 9.71230347e+02,
       4.08697296e+02, 1.09321948e+03, 4.12617432e+02, 1.20363440e+03,
       4.17286377e+02, 1.72610870e+02, 5.45541260e+02, 2.88803528e+02,
       5.47507996e+02, 4.17480438e+02, 5.48488831e+02, 5.56597778e+02,
       5.48475586e+02, 6.97820435e+02, 5.48495911e+02, 8.36791443e+02,
       5.47487427e+02, 9.69640076e+02, 5.45657837e+02, 1.09195837e+03,
       5.43927917e+02, 1.20179944e+03, 5.41505493e+02, 1.81691818e+02,
       6.85483948e+02, 2.96314056e+02, 6.90656677e+02, 4.24345184e+02,
       6.93657532e+02, 5.60429749e+02, 6.94507507e+02, 7.00221924e+02,
       6.92572998e+02, 8.36809265e+02, 6.87490601e+02, 9.68489929e+02,
       6.81285034e+02, 1.08879358e+03, 6.73512024e+02, 1.19849609e+03,
       6.64741577e+02, 1.98318359e+02, 8.17910767e+02, 3.11620667e+02,
       8.26099976e+02, 4.36181885e+02, 8.30039917e+02, 5.70075195e+02,
       8.30785400e+02, 7.05169617e+02, 8.27166931e+02, 8.38798462e+02,
       8.19479492e+02, 9.66786499e+02, 8.08448914e+02, 1.08547986e+03,
       7.96156067e+02, 1.19267029e+03, 7.82416565e+02, 2.22655960e+02,
       9.39761597e+02, 3.32669739e+02, 9.49682495e+02, 4.53775635e+02,
       9.55176758e+02, 5.82236572e+02, 9.55293457e+02, 7.13083252e+02,
